76
75
76
75
76
75
76
75
76
71
76
71
74
72
74
69
72
69
60
60
64
64
69
69
71
71
64
64
68
68
71
71
72
72
64
64
76
75
76
75
76
75
76
75
76
71
76
71
74
72
74
69
72
69
60
60
64
64
69
69
71
71
64
64
72
71
72
69
71
69
76
75
76
75
76
75
76
75
76
71
76
71
74
72
74
69
72
69
60
60
64
64
69
69
71
71
64
64
68
68
71
71
72
72
64
64
76
75
76
75
76
75
76
75
76
71
76
71
74
72
74
69
72
69
60
60
64
64
69
69
71
71
64
64
72
71
72
69
71
69
72
72
74
74
76
67
76
67
77
76
77
74
76
65
74
65
76
74
76
72
74
64
72
64
74
72
74
71
72
71
64
64
76
76
76
76
88
88
75
75
76
75
76
75
76
75
76
75
76
71
76
71
74
72
74
69
72
69
60
60
64
64
69
69
71
71
64
64
68
68
71
71
72
72
64
64
76
75
76
75
76
75
76
75
76
71
76
71
74
72
74
69
72
69
60
60
64
64
69
69
71
71
64
64
72
71
72
69
71
69
72
72
74
74
76
67
76
67
77
76
77
74
76
65
74
65
76
74
76
72
74
64
72
64
74
72
74
71
72
71
64
64
76
76
76
76
88
88
75
75
76
75
76
75
76
75
76
75
76
71
76
71
74
72
74
69
72
69
60
60
64
64
69
69
71
71
64
64
68
68
71
71
72
72
64
64
76
75
76
75
76
75
76
75
76
71
76
71
74
72
74
69
72
69
60
60
64
64
69
69
71
71
64
64
72
71
72
69
71
69
65
72
65
72
64
67
72
64
65
67
72
65
69
69
72
72
77
76
77
76
76
74
76
74
82
81
82
81
81
79
81
77
79
76
77
74
76
72
74
70
72
69
70
69
70
69
70
67
69
67
69
69
70
70
72
72
74
74
75
75
76
76
76
76
77
69
77
69
72
72
74
71
74
71
72
72
79
67
79
67
79
69
79
69
79
71
79
71
79
72
79
72
79
74
79
74
79
76
79
76
79
79
84
83
84
81
83
79
81
77
79
76
77
74
76
74
79
77
79
74
77
72
74
72
79
67
79
67
79
69
79
69
79
71
79
71
79
72
79
72
79
74
79
74
79
76
79
76
79
79
84
83
84
81
83
79
81
77
79
76
77
74
76
74
79
77
79
74
77
74
76
76
77
76
77
75
76
75
76
71
76
71
76
75
76
75
76
71
76
71
76
75
76
75
76
71
76
71
76
75
76
75
76
71
76
71
76
76
75
75
76
76
75
75
76
75
76
75
76
75
76
75
76
71
76
71
74
72
74
69
72
69
60
60
64
64
69
69
71
71
64
64
68
68
71
71
72
72
64
64
76
75
76
75
76
75
76
75
76
71
76
71
74
72
74
69
72
69
60
60
64
64
69
69
71
71
64
64
72
71
72
69
71
69
71
71
72
72
74
74
76
67
76
67
77
76
77
74
76
65
74
65
76
74
76
72
74
64
72
64
74
72
74
71
72
71
64
64
76
76
76
76
88
88
75
75
76
76
75
75
76
75
76
75
76
75
76
75
76
71
76
71
74
72
74
69
72
69
60
60
64
64
69
69
71
71
64
64
68
68
71
71
72
72
64
64
76
75
76
75
76
75
76
75
76
71
76
71
74
72
74
69
72
69
60
60
64
64
69
69
71
71
64
64
72
71
72
69
71
69
64
67
70
73
64
65
67
69
70
73
74
65
69
73
74
76
73
76
74
77
74
77
68
74
77
68
68
74
74
77
77
68
69
72
74
76
77
65
69
72
74
76
64
65
72
74
64
72
62
71
62
71
60
66
69
60
60
66
69
69
60
60
69
69
60
64
69
72
62
64
71
72
60
62
69
71
60
64
67
69
70
73
64
65
67
69
70
73
74
65
69
73
74
76
73
76
74
77
74
77
74
77
74
74
77
77
74
74
77
77
67
74
75
77
65
67
74
75
65
74
63
72
63
72
62
65
70
62
62
65
65
69
70
62
62
65
65
68
69
62
62
65
65
68
68
60
62
64
65
68
69
60
64
69
64
71
64
71
57
57
60
60
64
64
69
69
72
72
76
74
76
72
74
71
72
69
71
69
72
72
76
76
81
81
84
84
88
86
88
84
86
83
84
81
83
81
84
84
88
88
93
93
96
96
100
98
100
96
98
95
96
94
95
93
94
92
93
91
92
90
91
89
90
88
89
87
88
86
87
85
86
84
85
83
84
82
83
81
82
80
81
79
80
78
79
77
78
76
77
75
76
75
76
75
76
75
76
71
76
71
74
72
74
69
72
69
60
60
64
64
69
69
71
71
64
64
68
68
71
71
72
72
64
64
76
75
76
75
76
75
76
75
76
71
76
71
74
72
74
69
72
69
60
60
64
64
69
69
71
71
64
64
72
71
72
69
71
69
76
75
76
75
76
75
76
75
76
71
76
71
74
72
74
69
72
69
60
60
64
64
69
69
71
71
64
64
68
68
71
71
72
72
64
64
76
75
76
75
76
75
76
75
76
71
76
71
74
72
74
69
72
69
60
60
64
64
69
69
71
71
64
64
72
71
72
69
71
69